USGS Seismometer Decoder
Version 1.4
Probing USB serial ports...
Found a USB serial device at /dev/ttyUSB0
Serial port: /dev/ttyUSB0

/dev/ttyUSB0 opened successfully
Serial port configured.
Serial port initialized
Starting scan...
0,960,42
0,1100,42
0,1095,42
0,1021,42
0,1177,42
0,1027,42
0,1103,42
0,1104,42
0,1004,42
0,1150,42
0,1012,42
0,1067,42
0,1091,42
0,985,42
0,1153,42
0,1020,42
0,1047,42
0,1114,42
0,988,42
0,1144,42
0,1027,42
0,1028,42
0,1129,42
0,982,42
0,1130,42
0,1053,42
0,1026,42
0,1141,42
0,988,42
0,1103,42
0,1048,42
0,1011,42
0,1158,42
0,991,42
0,1107,42
0,1077,42
0,989,42
0,1137,42
0,991,42
0,1096,42
0,1094,42
0,970,42
0,1127,42
0,1004,42
0,1070,42
0,1098,42
0,967,42
0,1135,42
0,1012,42
0,1053,42
0,1112,42
0,972,42
0,1152,42
0,1036,42
0,1014,42
0,1115,42
0,974,42
0,1122,42
0,1043,42
0,1030,42
0,1138,42
0,986,42
0,1128,42
0,1067,42
0,1018,42
0,1144,42
0,980,42
0,1100,42
0,1065,42
0,1009,42
0,1152,42
0,993,42
0,1096,42
0,1101,42
0,992,42
0,1142,42
0,1004,42
0,1073,42
0,1107,42
0,980,42
0,1131,42
0,1004,42
0,1060,42
0,1116,42
0,983,42
0,1135,42
0,1014,42
0,1032,42
0,1142,42
0,981,42
0,1109,42
0,1039,42
0,1023,42
0,1132,42
0,975,42
0,1104,42
0,1046,42
0,1020,42
0,1159,42
2016-10-16 02:43:06.416360,977,42
0,1095,42
0,1065,42
0,998,42
0,1147,42
0,985,42
0,1086,42
0,1081,42
0,987,42
0,1148,42
0,993,42
0,1060,42
0,1100,42
0,976,42
0,1136,42
0,982,42
0,1048,42
0,1129,42
0,984,42
0,1152,42
0,1026,42
0,1041,42
0,1132,42
0,974,42
0,1132,42
0,1041,42
0,1017,42
0,1125,42
0,965,42
0,1106,42
0,1035,42
0,1014,42
0,1155,42
0,974,42
0,1099,42
0,1063,42
0,990,42
0,1138,42
0,980,42
0,1097,42
0,1084,42
0,974,42
0,1135,42
0,985,42
0,1071,42
0,1108,42
0,974,42
0,1135,42
0,997,42
0,1052,42
0,1111,42
0,967,42
0,1141,42
0,1019,42
0,1029,42
0,1104,42
0,973,42
0,1136,42
0,1032,42
0,1015,42
0,1128,42
0,958,42
0,1108,42
0,1045,42
0,1006,42
0,1143,42
0,970,42
0,1094,42
0,1061,42
0,996,42
0,1150,42
0,978,42
0,1083,42
0,1082,42
0,979,42
0,1133,42
0,988,42
0,1070,42
0,1110,42
0,975,42
0,1137,42
0,1015,42
0,1066,42
0,1115,42
0,988,42
0,1143,42
0,1012,42
0,1038,42
0,1128,42
0,979,42
0,1138,42
0,1038,42
0,1041,42
0,1162,42
0,992,42
0,1115,42
0,1050,42
0,1023,42
0,1143,42
0,990,42
2016-10-16 02:43:07.426032,1122,42
0,1070,42
0,1006,42
0,1155,42
0,1010,42
0,1102,42
0,1073,42
0,992,42
0,1146,42
0,999,42
0,1073,42
0,1090,42
0,977,42
0,1141,42
0,1005,42
0,1047,42
0,1078,42
0,982,42
0,1158,42
0,1022,42
0,1045,42
0,1115,42
0,982,42
0,1150,42
0,1048,42
0,1041,42
0,1127,42
0,975,42
0,1114,42
0,1042,42
0,1016,42
0,1146,42
0,989,42
0,1087,42
0,1041,42
0,1000,42
0,1134,42
0,991,42
0,1107,42
0,1082,42
0,1007,42
0,1145,42
0,993,42
0,1084,42
0,1093,42
0,972,42
0,1124,42
0,986,42
0,1060,42
0,1095,42
0,957,42
0,1122,42
0,1003,42
0,1042,42
0,1114,42
0,971,42
0,1153,42
0,1041,42
0,1014,42
0,1115,42
0,976,42
0,1110,42
0,1021,42
0,1005,42
0,1129,42
0,966,42
0,1093,42
0,1046,42
0,998,42
0,1146,42
0,986,42
0,1094,42
0,1061,42
0,999,42
0,1153,42
0,993,42
0,1076,42
0,1091,42
0,976,42
0,1139,42
0,1007,42
0,1070,42
0,1101,42
0,986,42
0,1156,42
0,1010,42
0,1004,42
0,1095,42
0,960,42
0,1114,42
0,1017,42
0,1022,42
0,1127,42
0,978,42
0,1101,42
0,1019,42
0,1006,42
0,1140,42
0,967,42
0,1104,42
2016-10-16 02:43:08.435710,1051,42
0,991,42
0,1136,42
0,977,42
0,1102,42
0,1080,42
0,1004,42
0,1166,42
0,1012,42
0,1102,42
0,1102,42
0,977,42
0,1135,42
0,984,42
0,1052,42
0,1111,42
0,980,42
0,1151,42
0,1012,42
0,1035,42
0,1103,42
0,959,42
0,1119,42
0,1016,42
0,1014,42
0,1106,42
0,969,42
0,1110,42
0,1019,42
0,1008,42
0,1139,42
0,962,42
0,1092,42
0,1023,42
0,999,42
0,1156,42
0,975,42
0,1088,42
0,1063,42
0,980,42
0,1135,42
0,984,42
0,1070,42
0,1076,42
0,978,42
0,1142,42
0,991,42
0,1060,42
0,1093,42
0,966,42
0,1142,42
0,1006,42
0,1034,42
0,1112,42
0,969,42
0,1123,42
0,1018,42
0,1021,42
0,1101,42
0,981,42
0,1475,42
0,1414,42
0,1247,42
0,1207,42
0,1137,42
0,1228,42
0,1099,42
0,1118,42
0,1146,42
0,1054,42
0,1172,42
0,1063,42
0,1063,42
0,1129,42
0,1024,42
0,1114,42
0,1044,42
0,1030,42
0,1115,42
0,1011,42
0,1105,42
0,1043,42
0,1014,42
0,1115,42
0,1000,42
0,1075,42
0,1041,42
0,988,42
0,1108,42
0,1003,42
0,1083,42
0,1076,42
0,1002,42
0,1128,42
0,1034,42
0,1095,42
0,1120,42
0,1011,42
0,1104,42
0,1027,42
2016-10-16 02:43:09.445403,1081,42
0,1115,42
0,1012,42
0,1133,42
0,1062,42
0,1083,42
0,1134,42
0,1020,42
0,1119,42
0,1071,42
0,1052,42
0,1118,42
0,1011,42
0,1101,42
0,1039,42
0,1040,42
0,1129,42
0,985,42
0,1075,42
0,1072,42
0,1028,42
0,1108,42
0,996,42
0,1075,42
0,1083,42
0,1023,42
0,1110,42
0,1004,42
0,1079,42
0,1103,42
0,999,42
0,1095,42
0,1004,42
0,1051,42
0,1103,42
0,1006,42
0,1089,42
0,1007,42
0,1044,42
0,1103,42
0,998,42
0,1107,42
0,1051,42
0,1044,42
0,1117,42
0,1012,42
0,1096,42
0,1048,42
0,1038,42
0,1139,42
0,1012,42
0,1095,42
0,1079,42
0,1046,42
0,1148,42
0,1018,42
0,1082,42
0,1075,42
0,1002,42
0,1131,42
0,1017,42
0,1049,42
0,1078,42
0,1006,42
0,1114,42
0,1009,42
0,1040,42
0,1097,42
0,1008,42
0,1124,42
0,1036,42
0,1039,42
0,1093,42
0,999,42
0,1109,42
0,1032,42
0,1032,42
0,1115,42
0,1010,42
0,1111,42
0,1047,42
0,1022,42
0,1121,42
0,1016,42
0,1121,42
0,1076,42
0,1006,42
0,1116,42
0,1019,42
0,1087,42
0,1067,42
0,1000,42
0,1116,42
0,1019,42
0,1081,42
0,1107,42
0,1021,42
0,1110,42
0,1041,42
0,1104,42
2016-10-16 02:43:10.455135,1121,42
0,1021,42
0,1141,42
0,1059,42
0,1070,42
0,1100,42
0,985,42
0,1119,42
0,1086,42
0,1061,42
0,1109,42
0,1006,42
0,1115,42
0,1062,42
0,1038,42
0,1131,42
0,1006,42
0,1091,42
0,1071,42
0,1029,42
0,1133,42
0,1016,42
0,1079,42
0,1078,42
0,1033,42
0,1126,42
0,1010,42
0,1084,42
0,1107,42
0,1018,42
0,1120,42
0,1017,42
0,1065,42
0,1113,42
0,1028,42
0,1122,42
0,1014,42
0,1071,42
0,1135,42
0,1013,42
0,1111,42
0,1047,42
0,1048,42
0,1135,42
0,1023,42
0,1118,42
0,1067,42
0,1061,42
0,1154,42
0,1017,42
0,1075,42
0,1048,42
0,1037,42
0,1153,42
0,1044,42
0,1126,42
0,1112,42
0,1054,42
0,1156,42
0,1031,42
0,1069,42
0,1081,42
0,1034,42
0,1146,42
0,1037,42
0,1065,42
0,1089,42
0,1001,42
0,1132,42
0,1033,42
0,1039,42
0,1087,42
0,996,42
0,1118,42
0,1051,42
0,1039,42
0,1122,42
0,1016,42
0,1105,42
0,1049,42
0,1029,42
0,1121,42
0,1011,42
0,1102,42
0,1064,42
0,1004,42
0,1110,42
0,1028,42
0,1107,42
0,1068,42
0,999,42
0,1114,42
0,1020,42
0,1103,42
0,1101,42
0,998,42
0,1111,42
0,1015,42
0,1066,42
0,1078,42
2016-10-16 02:43:11.464781,988,42
0,1099,42
0,1020,42
0,1059,42
0,1094,42
0,982,42
0,1122,42
0,1051,42
0,1031,42
0,1110,42
0,1000,42
0,1114,42
0,1073,42
0,1062,42
0,1135,42
0,996,42
0,1100,42
0,1078,42
0,1037,42
0,1120,42
0,998,42
0,1077,42
0,1065,42
0,1002,42
0,1094,42
0,979,42
0,1061,42
0,1076,42
0,980,42
0,1077,42
0,978,42
0,1048,42
0,1082,42
0,973,42
0,1086,42
0,993,42
0,1027,42
0,1095,42
0,996,42
0,1101,42
0,1042,42
0,1048,42
0,1136,42
0,1003,42
0,1087,42
0,1031,42
0,1029,42
0,1124,42
0,995,42
0,1078,42
0,1041,42
0,1016,42
0,1132,42
0,1010,42
0,1073,42
0,1063,42
0,1018,42
0,1124,42
0,1001,42
0,1070,42
0,1085,42
0,1007,42
0,1121,42
0,1017,42
0,1059,42
0,1071,42
0,982,42
0,1115,42
0,1011,42
0,1029,42
0,1083,42
0,987,42
0,1120,42
0,1052,42
0,1035,42
0,1098,42
0,993,42
0,1116,42
0,1037,42
0,1046,42
0,1151,42
0,1010,42
0,1110,42
0,1070,42
0,1016,42
0,1133,42
0,1045,42
0,1122,42
0,1089,42
0,1022,42
0,1127,42
0,1020,42
0,1095,42
0,1105,42
0,986,42
0,1123,42
0,1052,42
0,1081,42
0,1104,42
0,1001,42
2016-10-16 02:43:12.474770,1133,42
0,1051,42
0,1063,42
0,1109,42
0,1001,42
0,1135,42
0,1078,42
0,1046,42
0,1121,42
0,1003,42
0,1109,42
0,1059,42
0,1016,42
0,1102,42
0,968,42
0,1069,42
0,1057,42
0,1001,42
0,1093,42
0,975,42
0,1057,42
0,1064,42
0,992,42
0,1092,42
0,990,42
0,1076,42
0,1112,42
0,1023,42
0,1133,42
0,1035,42
0,1090,42
0,1126,42
0,1000,42
0,1106,42
0,1023,42
0,1062,42
0,1143,42
0,1022,42
0,1114,42
0,1044,42
0,1029,42
0,1119,42
0,996,42
0,1094,42
0,1046,42
0,1027,42
0,1139,42
0,999,42
0,1066,42
0,1046,42
0,1009,42
0,1123,42
0,1004,42
0,1052,42
0,1058,42
0,1011,42
0,1115,42
0,995,42
0,1069,42
0,1100,42
0,995,42
0,1106,42
0,996,42
0,1031,42
0,1080,42
0,973,42
0,1095,42
0,1007,42
0,1021,42
0,1086,42
0,982,42
0,1097,42
0,1029,42
0,989,42
0,1081,42
0,978,42
0,1079,42
0,1030,42
0,989,42
0,1093,42
0,971,42
0,1057,42
0,1042,42
0,979,42
0,1100,42
0,1012,42
0,1089,42
0,1093,42
0,1031,42
0,1145,42
0,1028,42
0,1092,42
0,1106,42
0,999,42
0,1126,42
0,1044,42
0,1077,42
0,1116,42
0,1016,42
0,1145,42
2016-10-16 02:43:13.484424,1046,42
0,1046,42
0,1121,42
0,999,42
0,1115,42
0,1056,42
0,1026,42
0,1119,42
0,994,42
0,1090,42
0,1060,42
0,1020,42
0,1123,42
0,996,42
0,1081,42
0,1075,42
0,1017,42
0,1118,42
0,1012,42
0,1083,42
0,1075,42
0,991,42
0,1114,42
0,1014,42
0,1059,42
0,1091,42
0,993,42
0,1106,42
0,1014,42
0,1043,42
0,1100,42
0,995,42
0,1118,42
0,1025,42
0,1040,42
0,1128,42
0,1008,42
0,1107,42
0,1053,42
0,1031,42
0,1120,42
0,994,42
0,1095,42
0,1058,42
0,1023,42
0,1129,42
0,996,42
0,1092,42
0,1073,42
0,1006,42
0,1127,42
0,1017,42
0,1080,42
0,1075,42
0,1005,42
0,1131,42
0,1019,42
0,1071,42
0,1120,42
0,1017,42
0,1141,42
0,1040,42
0,1053,42
0,1110,42
0,1003,42
0,1125,42
0,1042,42
0,1051,42
0,1123,42
0,995,42
0,1119,42
0,1057,42
0,1013,42
0,1108,42
0,989,42
0,1091,42
0,1071,42
0,1020,42
0,1121,42
0,997,42
0,1088,42
0,1069,42
0,1003,42
0,1137,42
0,1024,42
0,1094,42
0,1112,42
0,1014,42
0,1117,42
0,1014,42
0,1073,42
0,1096,42
0,988,42
0,1117,42
0,1025,42
0,1051,42
0,1104,42
0,931,42
0,986,42
0,878,42
2016-10-16 02:43:14.494114,875,42
0,948,42
0,839,42
0,923,42
0,845,42
0,905,42
0,1136,42
0,1022,42
0,1128,42
0,1081,42
0,1027,42
0,1134,42
0,936,42
0,878,42
0,814,42
0,793,42
0,1050,42
0,879,42
0,809,42
0,1015,42
0,986,42
0,854,42
0,678,42
0,828,42
0,963,42
0,851,42
0,1048,42
0,990,42
0,1028,42
0,1085,42
0,943,42
0,944,42
0,808,42
0,900,42
0,1116,42
0,1002,42
0,1077,42
0,1093,42
0,1092,42
0,1067,42
0,883,42
0,1092,42
0,1205,42
0,1152,42
0,1093,42
0,881,42
0,1055,42
0,1185,42
0,1118,42
0,1095,42
0,905,42
0,1040,42
0,1192,42
0,1099,42
0,1080,42
0,898,42
0,1052,42
0,1233,42
0,1105,42
0,1097,42
0,942,42
0,1036,42
0,1219,42
0,1110,42
0,1074,42
0,945,42
0,1013,42
0,1235,42
0,1085,42
0,1077,42
0,1000,42
0,1088,42
0,1311,42
0,1127,42
0,1080,42
0,1029,42
0,1054,42
0,1273,42
0,1073,42
0,984,42
0,979,42
0,981,42
0,1225,42
0,1116,42
0,1053,42
0,1036,42
0,1044,42
0,1261,42
0,1110,42
0,1011,42
0,1058,42
0,1051,42
0,1266,42
0,1091,42
0,951,42
0,1039,42
0,1026,42
0,1246,42
0,1125,42
0,974,42
2016-10-16 02:43:15.503806,1063,42
0,1071,42
0,1252,42
0,1133,42
0,945,42
0,1056,42
0,1048,42
0,1211,42
0,1087,42
0,896,42
0,1052,42
0,1044,42
0,1175,42
0,1094,42
0,891,42
0,1065,42
0,1096,42
0,1181,42
0,1110,42
0,901,42
0,1062,42
0,1092,42
0,1183,42
0,1116,42
0,889,42
0,1070,42
0,1110,42
0,1148,42
0,1125,42
0,893,42
0,1076,42
0,1153,42
0,1168,42
0,1172,42
0,939,42
0,1094,42
0,1168,42
0,1131,42
0,1113,42
0,892,42
0,1043,42
0,1157,42
0,1106,42
0,1113,42
0,888,42
0,1029,42
0,1164,42
0,1085,42
0,1108,42
0,914,42
0,1041,42
0,1191,42
0,1071,42
0,1043,42
0,872,42
0,984,42
0,1169,42
0,1059,42
0,1086,42
0,926,42
0,1027,42
0,1240,42
0,1102,42
0,1089,42
0,939,42
0,1009,42
0,1223,42
0,1061,42
0,1026,42
0,952,42
0,1015,42
0,1232,42
0,1050,42
0,1019,42
0,964,42
0,1040,42
0,1255,42
0,1062,42
0,1021,42
0,1000,42
0,1027,42
0,1243,42
0,1075,42
0,1003,42
0,1019,42
0,1023,42
0,1240,42
0,1081,42
0,1015,42
0,1030,42
0,1038,42
0,1262,42
0,1122,42
0,1006,42
0,1048,42
0,1017,42
0,1238,42
0,1089,42
0,929,42
0,1014,42
2016-10-16 02:43:16.513504,999,42
0,1198,42
0,1089,42
0,928,42
0,1060,42
0,1070,42
0,1225,42
0,1126,42
0,951,42
0,1068,42
0,1041,42
0,1191,42
0,1106,42
0,884,42
0,1047,42
0,1053,42
0,1159,42
0,1092,42
0,874,42
0,1044,42
0,1102,42
0,1182,42
0,1128,42
0,906,42
0,1081,42
0,1117,42
0,1131,42
0,1060,42
0,846,42
0,1038,42
0,1103,42
0,1124,42
0,1124,42
0,907,42
0,1094,42
0,1183,42
0,1125,42
0,1120,42
0,900,42
0,1058,42
0,1159,42
0,1085,42
0,1065,42
0,859,42
0,1008,42
0,1140,42
0,1068,42
0,1099,42
0,906,42
0,1043,42
0,1195,42
0,1085,42
0,1089,42
0,916,42
0,1032,42
0,1211,42
0,1047,42
0,1022,42
0,897,42
0,981,42
0,1155,42
0,1027,42
0,1059,42
0,935,42
0,1039,42
0,1253,42
0,1093,42
0,1086,42
0,985,42
0,1021,42
0,1242,42
0,1058,42
0,1000,42
0,955,42
0,1015,42
0,1239,42
0,1057,42
0,1019,42
0,978,42
0,1002,42
0,1256,42
0,1115,42
0,1044,42
0,1031,42
0,1031,42
0,1250,42
0,1079,42
0,980,42
0,1014,42
0,1012,42
0,1248,42
0,1109,42
0,992,42
0,1055,42
0,1062,42
0,1261,42
0,1099,42
0,954,42
0,1045,42
0,1047,42
2016-10-16 02:43:17.523327,1239,42
0,1090,42
0,915,42
0,1074,42
0,1084,42
0,1233,42
0,1093,42
0,896,42
0,1059,42
0,1075,42
0,1205,42
0,1101,42
0,906,42
0,1089,42
0,1105,42
0,1179,42
0,1098,42
0,896,42
0,1058,42
0,1084,42
0,1172,42
0,1130,42
0,901,42
0,1067,42
0,1107,42
0,1148,42
0,1096,42
0,881,42
0,1057,42
0,1108,42
0,1137,42
0,1138,42
0,923,42
0,1086,42
0,1167,42
0,1127,42
0,1113,42
0,900,42
0,1065,42
0,1170,42
0,1124,42
0,1123,42
0,893,42
0,1054,42
0,1201,42
0,1114,42
0,1111,42
0,916,42
0,1048,42
0,1191,42
0,1081,42
0,1084,42
0,909,42
0,1045,42
0,1220,42
0,1107,42
0,1117,42
0,953,42
0,1061,42
0,1249,42
0,1096,42
0,1079,42
0,944,42
0,1053,42
0,1252,42
0,1063,42
0,1042,42
0,948,42
0,1027,42
0,1246,42
0,1045,42
0,989,42
0,939,42
0,1028,42
0,1264,42
0,1051,42
0,976,42
0,960,42
0,1017,42
0,1254,42
0,1074,42
0,987,42
0,1010,42
0,1046,42
0,1239,42
0,1053,42
0,965,42
0,1009,42
0,1020,42
0,1232,42
0,1082,42
0,962,42
0,1029,42
0,1037,42
0,1248,42
0,1098,42
0,950,42
0,1040,42
0,1031,42
0,1209,42
2016-10-16 02:43:18.532874,1091,42
0,922,42
0,1051,42
0,1051,42
0,1205,42
0,1089,42
0,912,42
0,1066,42
0,1044,42
0,1179,42
0,1102,42
0,908,42
0,1064,42
0,1063,42
0,1167,42
0,1113,42
0,906,42
0,1066,42
0,1079,42
0,1149,42
0,1101,42
0,879,42
0,1078,42
0,1115,42
0,1131,42
0,1092,42
0,869,42
0,1056,42
0,1119,42
0,1120,42
0,1104,42
0,904,42
0,1100,42
0,1169,42
0,1105,42
0,1070,42
0,864,42
0,1055,42
0,1162,42
0,1107,42
0,1097,42
0,869,42
0,1047,42
0,1189,42
0,1068,42
0,1067,42
0,886,42
0,1030,42
0,1183,42
0,1069,42
0,1082,42
0,918,42
0,1029,42
0,1211,42
0,1062,42
0,1059,42
0,929,42
0,1039,42
0,1223,42
0,1071,42
0,1065,42
0,937,42
0,1020,42
0,1227,42
0,1079,42
0,1068,42
0,979,42
0,1020,42
0,1242,42
0,1076,42
0,1033,42
0,971,42
0,1029,42
0,1256,42
0,1073,42
0,1025,42
0,1018,42
0,1046,42
0,1283,42
0,1111,42
0,1022,42
0,1041,42
0,1048,42
0,1250,42
0,1066,42
0,973,42
0,1031,42
0,1035,42
0,1239,42
0,1060,42
0,934,42
0,1031,42
0,1046,42
0,1241,42
0,1077,42
0,927,42
0,1045,42
0,1038,42
0,1216,42
0,1073,42
2016-10-16 02:43:19.542497,883,42
0,1047,42
0,1062,42
0,1203,42
0,1067,42
0,866,42
0,1039,42
0,1049,42
0,1174,42
0,1072,42
0,867,42
0,1052,42
0,1087,42
0,1180,42
0,1117,42
0,899,42
0,1037,42
0,1059,42
0,1145,42
0,1104,42
0,883,42
0,1067,42
0,1101,42
0,1126,42
0,1110,42
0,885,42
0,1056,42
0,1107,42
0,1138,42
0,1149,42
0,916,42
0,1085,42
0,1152,42
0,1098,42
0,1110,42
0,904,42
0,1048,42
0,1138,42
0,1087,42
0,1095,42
0,884,42
0,1044,42
0,1179,42
0,1089,42
0,1097,42
0,907,42
0,1050,42
0,1193,42
0,1086,42
0,1074,42
0,900,42
0,1036,42
0,1206,42
0,1057,42
0,1056,42
0,916,42
0,1028,42
0,1208,42
0,1035,42
0,1028,42
0,919,42
0,1018,42
0,1219,42
0,1046,42
0,1023,42
0,948,42
0,1029,42
0,1242,42
0,1037,42
0,1007,42
0,964,42
0,1042,42
0,1255,42
0,1036,42
0,983,42
0,968,42
0,1017,42
0,1248,42
0,1080,42
0,1026,42
0,1025,42
0,1029,42
0,1237,42
0,1079,42
0,1006,42
0,1039,42
0,1032,42
0,1233,42
0,1057,42
0,951,42
0,1037,42
0,1050,42
0,1258,42
0,1102,42
0,980,42
0,1073,42
0,1035,42
0,1216,42
0,1082,42
0,911,42
2016-10-16 02:43:20.552188,1054,42
0,1055,42
0,1211,42
0,1099,42
0,923,42
0,1061,42
0,1048,42
0,1188,42
0,1096,42
0,904,42
0,1063,42
0,1067,42
0,1166,42
0,1087,42
0,884,42
0,1052,42
0,1072,42
0,1163,42
0,1096,42
0,867,42
0,1050,42
0,1089,42
0,1140,42
0,1078,42
0,846,42
0,1044,42
0,1099,42
0,1120,42
0,1095,42
0,865,42
0,1079,42
0,1165,42
0,1116,42
0,1080,42
0,840,42
0,1032,42
0,1144,42
0,1083,42
0,1067,42
0,856,42
0,1026,42
0,1149,42
0,1076,42
0,1072,42
0,861,42
0,1007,42
0,1156,42
0,1052,42
0,1048,42
0,870,42
0,1032,42
0,1193,42
0,1061,42
0,1072,42
0,910,42
0,1005,42
0,1177,42
0,1055,42
0,1058,42
0,912,42
0,1011,42
0,1203,42
0,1012,42
0,1100,42
0,1029,42
0,1012,42
0,1124,42
0,979,42
0,1088,42
0,1040,42
0,1001,42
0,1119,42
0,967,42
0,1074,42
0,1048,42
0,980,42
0,1121,42
0,993,42
0,1089,42
0,1096,42
0,995,42
0,1114,42
0,980,42
0,1073,42
0,1100,42
0,973,42
0,1121,42
0,1000,42
0,1036,42
0,1092,42
0,973,42
0,1119,42
0,1011,42
0,1030,42
0,1108,42
0,976,42
0,1126,42
0,1050,42
0,1020,42
0,1132,42
2016-10-16 02:43:21.561867,994,42
0,1103,42
0,1049,42
0,1010,42
0,1126,42
0,976,42
0,1079,42
0,1053,42
0,1004,42
0,1140,42
0,993,42
0,1075,42
0,1081,42
0,1004,42
0,1143,42
0,1006,42
0,1079,42
0,1102,42
0,986,42
0,1124,42
0,995,42
0,1047,42
0,1103,42
0,972,42
0,1118,42
0,1035,42
0,1042,42
0,1136,42
0,983,42
0,1130,42
0,1056,42
0,1016,42
0,1128,42
0,982,42
0,1097,42
0,1051,42
0,1012,42
0,1136,42
0,975,42
0,1092,42
0,1075,42
0,993,42
0,1135,42
0,987,42
0,1071,42
0,1076,42
0,991,42
0,1133,42
0,999,42
0,1080,42
0,1130,42
0,998,42
0,1142,42
0,1019,42
0,1055,42
0,1118,42
0,999,42
0,1147,42
0,1047,42
0,1057,42
0,1146,42
0,998,42
0,1131,42
0,1053,42
0,1030,42
0,1137,42
0,983,42
0,1107,42
0,1057,42
0,1010,42
0,1132,42
0,974,42
0,1080,42
0,1048,42
0,977,42
0,1127,42
0,1014,42
0,1112,42
0,1112,42
0,1020,42
0,1183,42
0,1055,42
0,1112,42
0,1131,42
0,1001,42
0,1149,42
0,1025,42
0,1057,42
0,1106,42
0,975,42
0,1130,42
0,1025,42
0,1023,42
0,1104,42
0,977,42
0,1125,42
0,1055,42
0,1024,42
0,1127,42
0,985,42
2016-10-16 02:43:22.571642,1112,42
0,1060,42
0,1001,42
0,1143,42
0,1028,42
0,1110,42
0,1071,42
0,1003,42
0,1130,42
0,995,42
0,1084,42
0,1081,42
0,985,42
0,1129,42
0,1008,42
0,1082,42
0,1116,42
0,992,42
0,1130,42
0,1012,42
0,1052,42
0,1103,42
0,969,42
0,1115,42
0,1014,42
0,1040,42
0,1128,42
0,987,42
0,1126,42
0,1054,42
0,1025,42
0,1130,42
0,980,42
0,1086,42
0,1038,42
0,1030,42
0,1154,42
0,988,42
0,1097,42
0,1083,42
0,1020,42
0,1144,42
0,1000,42
0,1077,42
0,1066,42
0,991,42
0,1140,42
0,1003,42
0,1072,42
0,1111,42
0,992,42
0,1136,42
0,1016,42
0,1054,42
0,1099,42
0,982,42
0,1142,42
0,1031,42
0,1039,42
0,1119,42
0,983,42
0,1121,42
0,1038,42
0,1015,42
0,1134,42
0,997,42
0,1125,42
0,1076,42
0,1031,42
0,1149,42
0,1003,42
0,1107,42
0,1080,42
0,1026,42
0,1179,42
0,1060,42
0,1151,42
0,1142,42
0,1044,42
0,1172,42
0,1039,42
0,1101,42
0,1118,42
0,1001,42
0,1146,42
0,1033,42
0,1082,42
0,1135,42
0,1004,42
0,1159,42
0,1061,42
0,1065,42
0,1111,42
0,974,42
0,1125,42
0,1058,42
0,1039,42
0,1127,42
0,975,42
0,1100,42
2016-10-16 02:43:23.581210,1042,42
0,1003,42
0,1123,42
0,972,42
0,1080,42
0,1061,42
0,1002,42
0,1122,42
0,978,42
0,1068,42
0,1067,42
0,982,42
0,1105,42
0,987,42
0,1080,42
0,1106,42
0,987,42
0,1122,42
0,1003,42
0,1051,42
0,1103,42
0,980,42
0,1129,42
0,1018,42
0,1050,42
0,1143,42
0,996,42
0,1134,42
0,1061,42
0,1045,42
0,1144,42
0,996,42
0,1110,42
0,1064,42
0,1035,42
0,1138,42
0,979,42
0,1095,42
0,1068,42
0,1004,42
0,1132,42
0,1002,42
0,1102,42
0,1080,42
0,992,42
0,1132,42
0,996,42
0,1064,42
0,1084,42
0,979,42
0,1129,42
0,1003,42
0,1050,42
0,1104,42
0,993,42
0,1139,42
0,1013,42
0,1041,42
0,1136,42
0,1018,42
0,1157,42
0,1076,42
0,1062,42
0,1149,42
0,1011,42
0,1140,42
0,1077,42
0,1049,42
0,1162,42
0,1020,42
0,1139,42
0,1088,42
0,1014,42
0,1151,42
0,1023,42
0,1123,42
0,1109,42
0,1040,42
0,1167,42
0,1014,42
0,1091,42
0,1116,42
0,1009,42
0,1147,42
0,1017,42
0,1065,42
0,1113,42
0,998,42
0,1146,42
0,1040,42
0,1075,42
0,1136,42
0,1014,42
0,1171,42
0,1084,42
0,1052,42
0,1121,42
0,977,42
0,1101,42
0,1026,42
2016-10-16 02:43:24.590907,998,42
0,1120,42
0,972,42
0,1079,42
0,1044,42
0,1001,42
0,1132,42
0,994,42
0,1083,42
0,1059,42
0,990,42
0,1130,42
0,995,42
0,1066,42
0,1073,42
0,972,42
0,1121,42
0,999,42
0,1046,42
0,1074,42
0,971,42
0,1133,42
0,1013,42
0,1035,42
0,1107,42
0,997,42
0,1160,42
0,1052,42
0,1031,42
0,1116,42
0,980,42
0,1113,42
0,1057,42
0,1023,42
0,1124,42
0,983,42
0,1114,42
0,1070,42
0,999,42
0,1111,42
0,973,42
0,1086,42
0,1064,42
0,994,42
0,1126,42
0,1000,42
0,1095,42
0,1111,42
0,1007,42
0,1152,42
0,1050,42
0,1110,42
0,1134,42
0,1005,42
0,1148,42
0,1020,42
0,1047,42
0,1108,42
0,978,42
0,1120,42
0,1037,42
0,1028,42
0,1115,42
0,973,42
0,1108,42
0,1049,42
0,1032,42
0,1143,42
0,979,42
0,1100,42
0,1068,42
0,1026,42
0,1137,42
0,1004,42
0,1127,42
0,1104,42
0,1014,42
0,1135,42
0,992,42
0,1073,42
0,1090,42
0,1001,42
0,1142,42
0,1014,42
0,1071,42
0,1101,42
0,996,42
0,1135,42
0,1008,42
0,1040,42
0,1111,42
0,1003,42
0,1143,42
0,1046,42
0,1041,42
0,1127,42
0,1000,42
0,1128,42
0,1046,42
0,1031,42
2016-10-16 02:43:25.600582,1140,42
0,989,42
0,1100,42
0,1040,42
0,998,42
0,1121,42
0,979,42
0,1079,42
0,1050,42
0,983,42
0,1116,42
0,993,42
0,1087,42
0,1069,42
0,977,42
0,1131,42
0,1014,42
0,1072,42
0,1107,42
0,1013,42
0,1170,42
0,1056,42
0,1091,42
0,1144,42
0,1030,42
0,1180,42
0,1089,42
0,1088,42
0,1141,42
0,993,42
0,1140,42
0,1062,42
0,1033,42
0,1131,42
0,990,42
0,1115,42
0,1065,42
0,1020,42
0,1129,42
0,985,42
0,1101,42
0,1065,42
0,988,42
0,1118,42
0,994,42
0,1093,42
0,1084,42
0,990,42
0,1113,42
0,983,42
0,1060,42
0,1096,42
0,988,42
0,1133,42
0,1029,42
0,1095,42
0,1132,42
0,993,42
0,1145,42
0,1056,42
0,1067,42
0,1144,42
0,1002,42
0,1136,42
0,1053,42
0,1036,42
0,1126,42
0,967,42
0,1091,42
0,1039,42
0,1011,42
0,1141,42
0,996,42
0,1099,42
0,1075,42
0,1027,42
0,1137,42
0,975,42
0,1080,42
0,1096,42
0,1016,42
0,1150,42
0,1009,42
0,1071,42
0,1088,42
0,999,42
0,1148,42
0,1008,42
0,1053,42
0,1110,42
0,995,42
0,1138,42
0,1023,42
0,1023,42
0,1107,42
0,981,42
0,1118,42
0,1044,42
0,1040,42
0,1132,42
2016-10-16 02:43:26.610220,980,42
0,1097,42
0,1039,42
0,1012,42
0,1139,42
0,1012,42
0,1125,42
0,1081,42
0,1019,42
0,1127,42
0,987,42
0,1096,42
0,1084,42
0,993,42
0,1127,42
0,995,42
0,1066,42
0,1084,42
0,979,42
0,1126,42
0,1006,42
0,1041,42
0,1088,42
0,984,42
0,1143,42
0,1034,42
0,1028,42
0,1102,42
0,982,42
0,1120,42
0,1037,42
0,1023,42
0,1117,42
0,970,42
0,1106,42
0,1046,42
0,1003,42
0,1107,42
0,972,42
0,1090,42
0,1049,42
0,989,42
0,1115,42
0,980,42
0,1093,42
0,1074,42
0,975,42
0,1117,42
0,991,42
0,1069,42
0,1083,42
0,968,42
0,1118,42
0,1000,42
0,1060,42
0,1092,42
0,966,42
0,1116,42
0,1013,42
0,1039,42
0,1110,42
0,974,42
0,1106,42
0,1030,42
0,1053,42
0,1134,42
0,956,42
0,1090,42
0,1033,42
0,1003,42
0,1123,42
0,993,42
0,1115,42
0,1078,42
0,1028,42
0,1137,42
0,990,42
0,1101,42
0,1094,42
0,1016,42
0,1139,42
0,990,42
0,1071,42
0,1084,42
0,988,42
0,1133,42
0,1001,42
0,1043,42
0,1088,42
0,999,42
0,1137,42
0,1012,42
0,1041,42
0,1125,42
0,999,42
0,1122,42
0,1025,42
0,1033,42
0,1131,42
0,993,42
2016-10-16 02:43:27.619978,1120,42
0,1030,42
0,1007,42
0,1127,42
0,989,42
0,1102,42
0,1044,42
0,995,42
0,1121,42
0,985,42
0,1088,42
0,1058,42
0,984,42
0,1127,42
0,997,42
0,1071,42
0,1072,42
0,991,42
0,1152,42
0,1019,42
0,1076,42
0,1108,42
0,1006,42
0,1164,42
0,1059,42
0,1067,42
0,1109,42
0,983,42
0,1124,42
0,1016,42
0,1030,42
0,1108,42
0,964,42
0,1111,42
0,1042,42
0,1007,42
0,1100,42
0,963,42
0,1099,42
0,1054,42
0,996,42
0,1104,42
0,974,42
0,1104,42
0,1088,42
0,1004,42
0,1129,42
0,992,42
0,1082,42
0,1083,42
0,996,42
0,1130,42
0,995,42
0,1079,42
0,1101,42
0,979,42
0,1131,42
0,1040,42
0,1056,42
0,1093,42
0,963,42
0,1111,42
0,1031,42
0,1059,42
0,1122,42
0,962,42
0,1095,42
0,1027,42
0,1033,42
0,1136,42
0,978,42
0,1117,42
0,1077,42
0,1041,42
0,1148,42
0,992,42
0,1094,42
0,1075,42
0,1012,42
0,1129,42
0,976,42
0,1068,42
0,1065,42
0,987,42
0,1126,42
0,977,42
0,1049,42
0,1091,42
0,994,42
0,1120,42
0,998,42
0,1065,42
0,1139,42
0,1016,42
0,1136,42
0,1010,42
0,1036,42
0,1119,42
0,985,42
0,1121,42
2016-10-16 02:43:28.629586,1022,42
0,1019,42
0,1144,42
0,1021,42
0,1117,42
0,1031,42
0,1020,42
0,1148,42
0,1007,42
0,1108,42
0,1065,42
0,1006,42
0,1136,42
0,1001,42
0,1077,42
0,1054,42
0,982,42
0,1144,42
0,1002,42
0,1068,42
0,1094,42
0,1023,42
0,1176,42
0,1046,42
0,1097,42
0,1131,42
0,1001,42
0,1149,42
0,1003,42
0,1027,42
0,1106,42
0,978,42
0,1121,42
0,1023,42
0,1025,42
0,1104,42
0,970,42
0,1110,42
0,1040,42
0,1020,42
0,1118,42
0,978,42
0,1114,42
0,1079,42
0,1014,42
0,1119,42
0,991,42
0,1102,42
0,1072,42
0,1008,42
0,1143,42
0,999,42
0,1083,42
0,1086,42
0,993,42
0,1117,42
0,998,42
0,1073,42
0,1101,42
0,967,42
0,1108,42
0,1013,42
0,1054,42
0,1110,42
0,980,42
0,1118,42
0,1024,42
0,1047,42
0,1127,42
0,991,42
0,1120,42
0,1042,42
0,1029,42
0,1133,42
0,993,42
0,1121,42
0,1086,42
0,1039,42
0,1142,42
0,979,42
0,1086,42
0,1081,42
0,1013,42
0,1148,42
0,992,42
0,1071,42
0,1083,42
0,1003,42
0,1135,42
0,992,42
0,1041,42
0,1082,42
0,982,42
0,1123,42
0,997,42
0,1030,42
0,1096,42
0,971,42
0,1104,42
0,997,42
2016-10-16 02:43:29.639265,1017,42
0,1125,42
0,992,42
0,1123,42
0,1035,42
0,1018,42
0,1127,42
0,978,42
0,1087,42
0,1035,42
0,991,42
0,1118,42
0,981,42
0,1080,42
0,1045,42
0,990,42
0,1142,42
0,1000,42
0,1077,42
0,1070,42
0,985,42
0,1144,42
0,1022,42
0,1060,42
0,1074,42
0,960,42
0,1110,42
0,999,42
0,1040,42
0,1094,42
0,965,42
0,1120,42
0,1037,42
0,1033,42
0,1091,42
0,967,42
0,1116,42
0,1046,42
0,1010,42
0,1091,42
0,961,42
0,1108,42
0,1052,42
0,1000,42
0,1110,42
0,978,42
0,1099,42
0,1057,42
0,989,42
0,1125,42
0,988,42
0,1090,42
0,1071,42
0,982,42
0,1128,42
0,1001,42
0,1067,42
0,1089,42
0,974,42
0,1124,42
0,1022,42
0,1061,42
0,1106,42
0,963,42
0,1097,42
0,1000,42
0,1023,42
0,1113,42
0,982,42
0,1124,42
0,1041,42
0,1036,42
0,1119,42
0,964,42
0,1102,42
0,1050,42
0,1006,42
0,1129,42
0,990,42
0,1096,42
0,1050,42
0,989,42
0,1129,42
0,982,42
0,1079,42
0,1059,42
0,972,42
0,1129,42
0,1003,42
0,1073,42
0,1093,42
0,984,42
0,1125,42
0,1010,42
0,1063,42
0,1103,42
0,966,42
0,1127,42
0,1023,42
0,1032,42
2016-10-16 02:43:30.648956,1104,42
0,983,42
0,1128,42
0,1035,42
0,1027,42
0,1111,42
0,971,42
0,1119,42
0,1058,42
0,1023,42
0,1131,42
0,977,42
0,1102,42
0,1073,42
0,1016,42
0,1146,42
0,998,42
0,1110,42
0,1107,42
0,1030,42
0,1172,42
0,1033,42
0,1103,42
0,1116,42
0,992,42
0,1137,42
0,1020,42
0,1071,42
0,1119,42
0,989,42
0,1131,42
0,1026,42
0,1062,42
0,1130,42
0,976,42
0,1113,42
0,1032,42
0,1028,42
0,1105,42
0,955,42
0,1101,42
0,1045,42
0,1006,42
0,1105,42
0,969,42
0,1090,42
0,1052,42
0,1005,42
0,1138,42
0,986,42
0,1114,42
0,1084,42
0,1011,42
0,1152,42
0,1006,42
0,1089,42
0,1101,42
0,1003,42
0,1130,42
0,1011,42
0,1094,42
0,1117,42
0,976,42
0,1109,42
0,1003,42
0,1045,42
0,1100,42
0,986,42
0,1133,42
0,1037,42
0,1053,42
0,1116,42
0,980,42
0,1125,42
0,1043,42
0,1023,42
0,1121,42
0,984,42
0,1115,42
0,1071,42
0,1039,42
0,1144,42
0,987,42
0,1108,42
0,1068,42
0,999,42
0,1145,42
0,1009,42
0,1092,42
0,1092,42
0,1014,42
0,1143,42
0,989,42
0,1066,42
0,1109,42
0,995,42
0,1132,42
0,1019,42
0,1052,42
0,1087,42
2016-10-16 02:43:31.658647,975,42
0,1126,42
0,1018,42
0,1039,42
0,1091,42
0,954,42
0,1108,42
0,1046,42
0,1037,42
0,1125,42
0,1007,42
0,1134,42
0,1060,42
0,1037,42
0,1164,42
0,1016,42
0,1133,42
0,1103,42
0,1076,42
0,1210,42
0,1050,42
0,1128,42
0,1112,42
0,1033,42
0,1155,42
0,1012,42
0,1092,42
0,1103,42
0,984,42
0,1123,42
0,1008,42
0,1061,42
0,1093,42
0,982,42
0,1121,42
0,1016,42
0,1061,42
0,1121,42
0,995,42
0,1141,42
0,1064,42
0,1060,42
0,1132,42
0,1004,42
0,1136,42
0,1053,42
0,1023,42
0,1115,42
0,977,42
0,1102,42
0,1050,42
0,1000,42
0,1127,42
0,993,42
0,1084,42
0,1062,42
0,997,42
0,1119,42
0,991,42
0,1082,42
0,1093,42
0,994,42
0,1119,42
0,983,42
0,1046,42
0,1085,42
0,989,42
0,1137,42
0,1032,42
0,1083,42
0,1135,42
0,994,42
0,1122,42
0,1028,42
0,1042,42
0,1109,42
0,981,42
0,1104,42
0,1027,42
0,1025,42
0,1128,42
0,978,42
0,1098,42
0,1047,42
0,1015,42
0,1136,42
0,996,42
0,1095,42
0,1058,42
0,1000,42
0,1125,42
0,983,42
0,1069,42
0,1072,42
0,995,42
0,1126,42
0,983,42
0,1049,42
0,1084,42
0,1001,42
2016-10-16 02:43:32.668341,1128,42
0,994,42
0,1038,42
0,1095,42
0,982,42
0,1115,42
0,1028,42
0,1051,42
0,1115,42
0,986,42
0,1115,42
0,1032,42
0,1021,42
0,1125,42
0,1000,42
0,1116,42
0,1056,42
0,1045,42
0,1153,42
0,1004,42
0,1095,42
0,1053,42
0,1001,42
0,1127,42
0,988,42
0,1084,42
0,1089,42
0,1001,42
0,1121,42
0,997,42
0,1059,42
0,1075,42
0,986,42
0,1133,42
0,1012,42
0,1057,42
0,1109,42
0,992,42
0,1120,42
0,1030,42
0,1050,42
0,1108,42
0,983,42
0,1111,42
0,1035,42
0,1034,42
0,1121,42
0,971,42
0,1086,42
0,1030,42
0,997,42
0,1106,42
0,973,42
0,1084,42
0,1043,42
0,992,42
0,1123,42
0,983,42
0,1077,42
0,1085,42
0,1001,42
0,1119,42
0,995,42
0,1070,42
0,1095,42
0,996,42
0,1134,42
0,1015,42
0,1071,42
0,1113,42
0,980,42
0,1122,42
0,1032,42
0,1041,42
0,1102,42
0,974,42
0,1097,42
0,1019,42
0,1020,42
0,1121,42
0,979,42
0,1099,42
0,1044,42
0,1016,42
0,1129,42
0,999,42
0,1095,42
0,1057,42
0,998,42
0,1121,42
0,979,42
0,1081,42
0,1081,42
0,986,42
0,1116,42
0,996,42
0,1080,42
0,1100,42
0,994,42
0,1120,42
2016-10-16 02:43:33.677962,1006,42
0,1066,42
0,1101,42
0,971,42
0,1113,42
0,1035,42
0,1059,42
0,1110,42
0,978,42
0,1110,42
0,1027,42
0,1025,42
0,1108,42
0,966,42
0,1103,42
0,1061,42
0,1045,42
0,1148,42
0,1017,42
0,1115,42
0,1076,42
0,1032,42
0,1145,42
0,997,42
0,1098,42
0,1102,42
0,1009,42
0,1126,42
0,991,42
0,1059,42
0,1093,42
0,1000,42
0,1134,42
0,1000,42
0,1044,42
0,1093,42
0,982,42
0,1125,42
0,1026,42
0,1036,42
0,1107,42
0,992,42
0,1124,42
0,1026,42
0,1014,42
0,1117,42
0,983,42
0,1105,42
0,1045,42
0,1013,42
0,1108,42
0,970,42
0,1086,42
0,1045,42
0,991,42
0,1116,42
0,977,42
0,1076,42
0,1074,42
0,979,42
0,1101,42
0,979,42
0,1068,42
0,1087,42
0,987,42
0,1135,42
0,1012,42
0,1072,42
0,1109,42
0,990,42
0,1151,42
0,1047,42
0,1052,42
0,1112,42
0,988,42
0,1110,42
0,1023,42
0,1040,42
0,1131,42
0,984,42
0,1109,42
0,1041,42
0,1015,42
0,1126,42
0,994,42
0,1101,42
0,1048,42
0,1009,42
0,1131,42
0,986,42
0,1080,42
0,1083,42
0,1008,42
0,1122,42
0,979,42
0,1067,42
0,1087,42
0,1002,42
0,1139,42
0,1000,42
2016-10-16 02:43:34.687647,1046,42
0,1089,42
0,984,42
0,1129,42
0,1023,42
0,1052,42
0,1107,42
0,1003,42
0,1137,42
0,1029,42
0,1029,42
0,1111,42
0,975,42
0,1108,42
0,1046,42
0,1044,42
0,1140,42
0,983,42
0,1095,42
0,1053,42
0,1023,42
0,1135,42
0,992,42
0,1103,42
0,1098,42
0,1031,42
0,1143,42
0,987,42
0,1080,42
0,1095,42
0,1006,42
0,1150,42
0,1030,42
0,1097,42
0,1133,42
0,1003,42
0,1116,42
0,1014,42
0,1067,42
0,1106,42
0,969,42
0,1101,42
0,1021,42
0,1044,42
0,1125,42
0,986,42
0,1108,42
0,1032,42
0,1025,42
0,1131,42
0,993,42
0,1105,42
0,1035,42
0,993,42
0,1117,42
0,979,42
0,1080,42
0,1056,42
0,986,42
0,1107,42
0,961,42
0,1049,42
0,1071,42
0,1003,42
0,1152,42
0,1004,42
0,1062,42
0,1091,42
0,988,42
0,1119,42
0,991,42
0,1027,42
0,1080,42
0,968,42
0,1099,42
0,995,42
0,1011,42
0,1104,42
0,979,42
0,1105,42
0,1009,42
0,1000,42
0,1114,42
0,996,42
0,1106,42
0,1032,42
0,1008,42
0,1127,42
0,990,42
0,1093,42
0,1070,42
0,1012,42
0,1129,42
0,992,42
0,1077,42
0,1063,42
0,973,42
0,1127,42
0,1008,42
0,1067,42
2016-10-16 02:43:35.697311,1062,42
0,961,42
0,1123,42
0,1022,42
0,1056,42
0,1084,42
0,965,42
0,1098,42
0,1005,42
0,1032,42
0,1113,42
0,973,42
0,1100,42
0,1043,42
0,1068,42
0,1157,42
0,1007,42
0,1121,42
0,1064,42
0,1042,42
0,1146,42
0,970,42
0,1089,42
0,1078,42
0,1013,42
0,1125,42
0,970,42
0,1074,42
0,1072,42
0,996,42
0,1134,42
0,981,42
0,1054,42
0,1079,42
0,990,42
0,1135,42
0,1002,42
0,1054,42
0,1098,42
0,984,42
0,1124,42
0,999,42
0,1031,42
0,1115,42
0,986,42
0,1116,42
0,1010,42
0,1016,42
0,1121,42
0,983,42
0,1127,42
0,1053,42
0,1023,42
0,1138,42
0,983,42
0,1103,42
0,1061,42
0,1002,42
0,1129,42
0,990,42
0,1092,42
0,1076,42
0,1011,42
0,1168,42
0,1023,42
0,1098,42
0,1092,42
0,990,42
0,1145,42
0,1023,42
0,1068,42
0,1087,42
0,982,42
0,1134,42
0,1018,42
0,1044,42
0,1108,42
0,984,42
0,1137,42
0,1039,42
0,1036,42
0,1118,42
0,991,42
0,1129,42
0,1049,42
0,1025,42
0,1127,42
0,982,42
0,1119,42
0,1081,42
0,1007,42
0,1127,42
0,1005,42
0,1122,42
0,1105,42
0,1011,42
0,1143,42
0,1006,42
0,1097,42
0,1115,42
2016-10-16 02:43:36.707027,1035,42
0,1182,42
0,1048,42
0,1107,42
0,1139,42
0,1020,42
0,1160,42
0,1043,42
0,1083,42
0,1152,42
0,1016,42
0,1161,42
0,1072,42
0,1079,42
0,1155,42
0,1026,42
0,1172,42
0,1076,42
0,1042,42
0,1129,42
0,971,42
0,1113,42
0,1072,42
0,1014,42
0,1126,42
0,990,42
0,1101,42
0,1068,42
0,1003,42
0,1143,42
0,990,42
0,1086,42
0,1113,42
0,1022,42
0,1158,42
0,1025,42
0,1079,42
0,1104,42
0,995,42
0,1144,42
0,1028,42
0,1062,42
0,1109,42
0,973,42
0,1124,42
0,1036,42
0,1040,42
0,1102,42
0,986,42
0,1139,42
0,1043,42
0,1022,42
0,1119,42
0,983,42
0,1119,42
0,1067,42
0,1020,42
0,1136,42
0,993,42
0,1107,42
0,1090,42
0,1029,42
0,1159,42
0,1001,42
0,1083,42
0,1100,42
0,1019,42
0,1157,42
0,1011,42
0,1078,42
0,1104,42
0,995,42
0,1122,42
0,981,42
0,1028,42
0,1103,42
0,972,42
0,1104,42
0,988,42
0,1006,42
0,1104,42
0,979,42
0,1111,42
0,1014,42
0,998,42
0,1121,42
0,981,42
0,1097,42
0,1031,42
0,989,42
0,1115,42
0,972,42
0,1086,42
0,1059,42
0,987,42
0,1131,42
0,988,42
0,1087,42
0,1081,42
0,972,42
2016-10-16 02:43:37.716664,1115,42
0,988,42
0,1061,42
0,1080,42
0,975,42
0,1119,42
0,974,42
0,1030,42
0,1109,42
0,994,42
0,1134,42
0,1015,42
0,1048,42
0,1132,42
0,993,42
0,1137,42
0,1033,42
0,1020,42
0,1053,42
0,960,42
0,1134,42
0,1063,42
0,1000,42
0,1120,42
0,985,42
0,1094,42
0,1049,42
0,1001,42
0,1142,42
0,999,42
0,1070,42
0,1066,42
0,989,42
0,1128,42
0,1009,42
0,1071,42
0,1092,42
0,987,42
0,